          Field:  1
          lines:  10
           mean:  0.744753079665
       variance:  0.000987354245
        std dev:  0.031422193511
            sum:  7.447530796650
            min:  0.704433497537
            max:  0.796407185629
