          Field:  1
          lines:  10
           mean:  8.700000000000
       variance:  5.566666666667
        std dev:  2.359378449225
            sum:  87.000000000000
            min:  5.000000000000
            max:  11.000000000000
