count: 45
mean: 0.0248511
std dev: 0.0234766
min: 0
max: 0.0616438
