          Field:  1
          lines:  10
           mean:  10.600000000000
       variance:  0.488888888889
        std dev:  0.699205898780
            sum:  106.000000000000
            min:  9.000000000000
            max:  11.000000000000
