          Field:  1
          lines:  10
           mean:  0.972727272727
       variance:  0.000000000000
        std dev:  0.000000000000
            sum:  9.727272727273
            min:  0.972727272727
            max:  0.972727272727
