          Field:  1
          lines:  10
           mean:  0.611792452830
       variance:  0.004158508366
        std dev:  0.064486497548
            sum:  6.117924528302
            min:  0.490566037736
            max:  0.674528301887
