          Field:  1
          lines:  10
           mean:  0.954117819118
       variance:  0.000023750814
        std dev:  0.004873480671
            sum:  9.541178191178
            min:  0.946428571429
            max:  0.963636363636
