count: 45
mean: 0.129688
std dev: 0.0850341
min: 0
max: 0.21256
