          Field:  1
          lines:  10
           mean:  13.700000000000
       variance:  0.455555555556
        std dev:  0.674948557711
            sum:  137.000000000000
            min:  12.000000000000
            max:  14.000000000000
