          Field:  1
          lines:  10
           mean:  0.862559134772
       variance:  0.000009001572
        std dev:  0.003000261995
            sum:  8.625591347725
            min:  0.855172413793
            max:  0.867132867133
