          Field:  1
          lines:  10
           mean:  14.600000000000
       variance:  0.488888888889
        std dev:  0.699205898780
            sum:  146.000000000000
            min:  13.000000000000
            max:  15.000000000000
