          Field:  1
          lines:  10
           mean:  0.502347417840
       variance:  0.000000000000
        std dev:  0.000000000000
            sum:  5.023474178404
            min:  0.502347417840
            max:  0.502347417840
