          Field:  1
          lines:  10
           mean:  0.719299985766
       variance:  0.000256202084
        std dev:  0.016006313889
            sum:  7.192999857657
            min:  0.696969696970
            max:  0.755681818182
