          Field:  1
          lines:  10
           mean:  12.200000000000
       variance:  1.288888888889
        std dev:  1.135292424395
            sum:  122.000000000000
            min:  10.000000000000
            max:  14.000000000000
