count: 45
mean: 0.176052
std dev: 0.119069
min: 0
max: 0.413613
