          Field:  1
          lines:  10
           mean:  0.869314634146
       variance:  0.000047850149
        std dev:  0.006917380192
            sum:  8.693146341463
            min:  0.864000000000
            max:  0.878048780488
