          Field:  1
          lines:  10
           mean:  0.568544600939
       variance:  0.000090370076
        std dev:  0.009506317714
            sum:  5.685446009390
            min:  0.558685446009
            max:  0.582159624413
