count: 45
mean: 0.0133593
std dev: 0.0133011
min: 0
max: 0.04
