          Field:  1
          lines:  10
           mean:  0.508018867925
       variance:  0.000020024920
        std dev:  0.004474921217
            sum:  5.080188679245
            min:  0.495283018868
            max:  0.509433962264
