count: 45
mean: 0.00888327
std dev: 0.0108648
min: 0
max: 0.0353982
