          Field:  1
          lines:  10
           mean:  7.200000000000
       variance:  3.511111111111
        std dev:  1.873795909674
            sum:  72.000000000000
            min:  4.000000000000
            max:  10.000000000000
