          Field:  1
          lines:  10
           mean:  0.626760563380
       variance:  0.000055103705
        std dev:  0.007423186996
            sum:  6.267605633803
            min:  0.624413145540
            max:  0.647887323944
