          Field:  1
          lines:  10
           mean:  7.200000000000
       variance:  4.177777777778
        std dev:  2.043961295567
            sum:  72.000000000000
            min:  4.000000000000
            max:  11.000000000000
