          Field:  1
          lines:  10
           mean:  0.962070296943
       variance:  0.000032861230
        std dev:  0.005732471544
            sum:  9.620702969428
            min:  0.947826086957
            max:  0.964912280702
