          Field:  1
          lines:  10
           mean:  0.810127293896
       variance:  0.000154919380
        std dev:  0.012446661412
            sum:  8.101272938956
            min:  0.786206896552
            max:  0.829629629630
