count: 45
mean: 0.0211751
std dev: 0.0245974
min: 0
max: 0.0598291
