          Field:  1
          lines:  10
           mean:  0.522685185185
       variance:  0.000006906340
        std dev:  0.002627991723
            sum:  5.226851851852
            min:  0.518518518519
            max:  0.527777777778
