          Field:  1
          lines:  10
           mean:  0.508796296296
       variance:  0.000002143347
        std dev:  0.001464017435
            sum:  5.087962962963
            min:  0.504629629630
            max:  0.509259259259
