count: 45
mean: 0.00310078
std dev: 0.00413437
min: 0
max: 0.0155039
