          Field:  1
          lines:  10
           mean:  0.853264292636
       variance:  0.000004740740
        std dev:  0.002177324015
            sum:  8.532642926357
            min:  0.851562500000
            max:  0.859375000000
