count: 45
mean: 0.0302416
std dev: 0.0347865
min: 0
max: 0.1
