          Field:  1
          lines:  10
           mean:  13.500000000000
       variance:  0.722222222222
        std dev:  0.849836585599
            sum:  135.000000000000
            min:  12.000000000000
            max:  14.000000000000
