          Field:  1
          lines:  10
           mean:  0.504629629630
       variance:  0.000004762993
        std dev:  0.002182428337
            sum:  5.046296296296
            min:  0.500000000000
            max:  0.509259259259
