          Field:  1
          lines:  10
           mean:  9.100000000000
       variance:  4.544444444444
        std dev:  2.131770260709
            sum:  91.000000000000
            min:  5.000000000000
            max:  11.000000000000
