          Field:  1
          lines:  10
           mean:  0.804685182839
       variance:  0.000097775252
        std dev:  0.009888136954
            sum:  8.046851828390
            min:  0.781690140845
            max:  0.812030075188
