          Field:  1
          lines:  10
           mean:  0.502369668246
       variance:  -0.000000000000
        std dev:  -nan
            sum:  5.023696682464
            min:  0.502369668246
            max:  0.502369668246
