count: 45
mean: 0.0620422
std dev: 0.0628437
min: 0
max: 0.211679
