          Field:  1
          lines:  10
           mean:  0.513744075829
       variance:  0.000624923569
        std dev:  0.024998471336
            sum:  5.137440758294
            min:  0.502369668246
            max:  0.582938388626
