          Field:  1
          lines:  10
           mean:  15.500000000000
       variance:  0.722222222222
        std dev:  0.849836585599
            sum:  155.000000000000
            min:  14.000000000000
            max:  16.000000000000
