count: 45
mean: 0.0246677
std dev: 0.0269705
min: 0
max: 0.084507
