          Field:  1
          lines:  10
           mean:  0.520853080569
       variance:  0.000012228936
        std dev:  0.003496989514
            sum:  5.208530805687
            min:  0.511848341232
            max:  0.526066350711
