          Field:  1
          lines:  10
           mean:  10.200000000000
       variance:  1.733333333333
        std dev:  1.316561177209
            sum:  102.000000000000
            min:  7.000000000000
            max:  11.000000000000
