          Field:  1
          lines:  10
           mean:  0.965942697773
       variance:  0.000415847593
        std dev:  0.020392341531
            sum:  9.659426977733
            min:  0.931623931624
            max:  0.981481481481
