          Field:  1
          lines:  10
           mean:  0.854838709677
       variance:  0.000000000000
        std dev:  0.000000019868
            sum:  8.548387096774
            min:  0.854838709677
            max:  0.854838709677
