          Field:  1
          lines:  10
           mean:  0.514423076923
       variance:  0.000169501972
        std dev:  0.013019292315
            sum:  5.144230769231
            min:  0.495192307692
            max:  0.538461538462
