          Field:  1
          lines:  10
           mean:  0.935278641473
       variance:  0.000027499438
        std dev:  0.005243990699
            sum:  9.352786414733
            min:  0.920353982301
            max:  0.936936936937
