          Field:  1
          lines:  10
           mean:  9.200000000000
       variance:  1.288888888889
        std dev:  1.135292424395
            sum:  92.000000000000
            min:  7.000000000000
            max:  10.000000000000
