count: 45
mean: 0.00671443
std dev: 0.00861728
min: 0
max: 0.0178571
