          Field:  1
          lines:  10
           mean:  9.000000000000
       variance:  0.222222222222
        std dev:  0.471404520791
            sum:  90.000000000000
            min:  8.000000000000
            max:  10.000000000000
