          Field:  1
          lines:  10
           mean:  0.859442820813
       variance:  0.000067295256
        std dev:  0.008203368559
            sum:  8.594428208133
            min:  0.846153846154
            max:  0.879032258065
