          Field:  1
          lines:  10
           mean:  9.600000000000
       variance:  0.711111111111
        std dev:  0.843274042712
            sum:  96.000000000000
            min:  8.000000000000
            max:  10.000000000000
