          Field:  1
          lines:  10
           mean:  0.508173076923
       variance:  0.000174895217
        std dev:  0.013224795536
            sum:  5.081730769231
            min:  0.500000000000
            max:  0.528846153846
