          Field:  1
          lines:  10
           mean:  0.866061303676
       variance:  0.000164736715
        std dev:  0.012834980136
            sum:  8.660613036761
            min:  0.851562500000
            max:  0.883333333333
