count: 45
mean: 0.0636508
std dev: 0.027249
min: 0
max: 0.111111
