count: 45
mean: 0.0358421
std dev: 0.0359168
min: 0
max: 0.0859375
