count: 45
mean: 0.0166995
std dev: 0.017907
min: 0
max: 0.0629922
