          Field:  1
          lines:  10
           mean:  7.800000000000
       variance:  1.511111111111
        std dev:  1.229272594306
            sum:  78.000000000000
            min:  6.000000000000
            max:  9.000000000000
