          Field:  1
          lines:  10
           mean:  0.861211070034
       variance:  0.000007724100
        std dev:  0.002779226561
            sum:  8.612110700339
            min:  0.859375000000
            max:  0.866141732283
