          Field:  1
          lines:  10
           mean:  10.000000000000
       variance:  1.111111111111
        std dev:  1.054092553389
            sum:  100.000000000000
            min:  8.000000000000
            max:  11.000000000000
