count: 45
mean: 0.0260936
std dev: 0.031437
min: 0
max: 0.0915493
