          Field:  1
          lines:  10
           mean:  0.523333333333
       variance:  0.000017384732
        std dev:  0.004169500170
            sum:  5.233333333333
            min:  0.519047619048
            max:  0.533333333333
