          Field:  1
          lines:  10
           mean:  0.981651376147
       variance:  0.000000000000
        std dev:  0.000000000000
            sum:  9.816513761468
            min:  0.981651376147
            max:  0.981651376147
