          Field:  1
          lines:  10
           mean:  0.520000000000
       variance:  0.000064499874
        std dev:  0.008031181359
            sum:  5.200000000000
            min:  0.504761904762
            max:  0.523809523810
