          Field:  1
          lines:  10
           mean:  0.834063911661
       variance:  0.000128981096
        std dev:  0.011356984440
            sum:  8.340639116614
            min:  0.805755395683
            max:  0.844961240310
