          Field:  1
          lines:  10
           mean:  0.509523809524
       variance:  0.000000000000
        std dev:  0.000000000000
            sum:  5.095238095238
            min:  0.509523809524
            max:  0.509523809524
