count: 45
mean: 0.0227569
std dev: 0.0351542
min: 0
max: 0.0983607
