count: 45
mean: 0.0517143
std dev: 0.0335404
min: 0
max: 0.120805
