          Field:  1
          lines:  10
           mean:  0.891050386175
       variance:  0.000277696411
        std dev:  0.016664225486
            sum:  8.910503861748
            min:  0.859259259259
            max:  0.903225806452
