          Field:  1
          lines:  10
           mean:  12.000000000000
       variance:  0.000000000000
        std dev:  0.000000000000
            sum:  120.000000000000
            min:  12.000000000000
            max:  12.000000000000
