          Field:  1
          lines:  10
           mean:  8.800000000000
       variance:  0.622222222222
        std dev:  0.788810637747
            sum:  88.000000000000
            min:  7.000000000000
            max:  10.000000000000
