          Field:  1
          lines:  10
           mean:  0.526940639269
       variance:  0.000051894016
        std dev:  0.007203750116
            sum:  5.269406392694
            min:  0.511415525114
            max:  0.534246575342
