count: 45
mean: 0.0317726
std dev: 0.0329201
min: 0
max: 0.107914
