          Field:  1
          lines:  10
           mean:  0.513242009132
       variance:  0.000033360439
        std dev:  0.005775849608
            sum:  5.132420091324
            min:  0.511415525114
            max:  0.529680365297
