          Field:  1
          lines:  10
           mean:  0.962705584063
       variance:  0.000104018357
        std dev:  0.010198939011
            sum:  9.627055840626
            min:  0.958677685950
            max:  0.990909090909
