          Field:  1
          lines:  10
           mean:  8.300000000000
       variance:  2.677777777778
        std dev:  1.636391694484
            sum:  83.000000000000
            min:  6.000000000000
            max:  10.000000000000
