          Field:  1
          lines:  10
           mean:  0.826504404822
       variance:  0.000285319285
        std dev:  0.016891396778
            sum:  8.265044048219
            min:  0.795918367347
            max:  0.854961832061
