          Field:  1
          lines:  10
           mean:  0.526484018265
       variance:  0.000106799738
        std dev:  0.010334395858
            sum:  5.264840182648
            min:  0.497716894977
            max:  0.534246575342
