count: 45
mean: 0.0584425
std dev: 0.0488386
min: 0
max: 0.139535
