          Field:  1
          lines:  10
           mean:  0.869682859410
       variance:  0.000113766800
        std dev:  0.010666152058
            sum:  8.696828594100
            min:  0.857142857143
            max:  0.880952380952
