          Field:  1
          lines:  10
           mean:  10.600000000000
       variance:  5.155555555556
        std dev:  2.270584848790
            sum:  106.000000000000
            min:  6.000000000000
            max:  12.000000000000
