          Field:  1
          lines:  10
           mean:  0.544600938967
       variance:  0.000000000000
        std dev:  0.000000000000
            sum:  5.446009389671
            min:  0.544600938967
            max:  0.544600938967
