          Field:  1
          lines:  10
           mean:  0.497183098592
       variance:  0.000016898470
        std dev:  0.004110774816
            sum:  4.971830985915
            min:  0.488262910798
            max:  0.502347417840
