          Field:  1
          lines:  10
           mean:  0.842447665056
       variance:  0.000034892556
        std dev:  0.005906992087
            sum:  8.424476650564
            min:  0.840579710145
            max:  0.859259259259
