          Field:  1
          lines:  10
           mean:  11.500000000000
       variance:  2.055555555556
        std dev:  1.433720877840
            sum:  115.000000000000
            min:  9.000000000000
            max:  13.000000000000
