count: 45
mean: 0.00434782
std dev: 0.00869565
min: 0
max: 0.0217391
