count: 45
mean: 0.0174097
std dev: 0.013778
min: 0
max: 0.0465117
