          Field:  1
          lines:  10
           mean:  13.000000000000
       variance:  4.444444444444
        std dev:  2.108185106779
            sum:  130.000000000000
            min:  10.000000000000
            max:  15.000000000000
