          Field:  1
          lines:  10
           mean:  0.898653279774
       variance:  0.001016622654
        std dev:  0.031884520606
            sum:  8.986532797740
            min:  0.842519685039
            max:  0.921739130435
