          Field:  1
          lines:  10
           mean:  0.519718309859
       variance:  0.000019837334
        std dev:  0.004453912197
            sum:  5.197183098592
            min:  0.507042253521
            max:  0.521126760563
