          Field:  1
          lines:  10
           mean:  0.536915887850
       variance:  0.000002183597
        std dev:  0.001477699841
            sum:  5.369158878505
            min:  0.532710280374
            max:  0.537383177570
