          Field:  1
          lines:  10
           mean:  0.980010950541
       variance:  0.000011972251
        std dev:  0.003460094111
            sum:  9.800109505415
            min:  0.973214285714
            max:  0.981651376147
