          Field:  1
          lines:  10
           mean:  9.700000000000
       variance:  1.788888888889
        std dev:  1.337493509849
            sum:  97.000000000000
            min:  7.000000000000
            max:  11.000000000000
