          Field:  1
          lines:  10
           mean:  0.502803738318
       variance:  0.000039789987
        std dev:  0.006307930446
            sum:  5.028037383178
            min:  0.500000000000
            max:  0.518691588785
