          Field:  1
          lines:  10
           mean:  0.839448032883
       variance:  0.000000270325
        std dev:  0.000519928212
            sum:  8.394480328831
            min:  0.838461538462
            max:  0.839694656489
