count: 45
mean: 0.0137086
std dev: 0.0184679
min: 0
max: 0.0517241
