          Field:  1
          lines:  10
           mean:  7.400000000000
       variance:  2.488888888889
        std dev:  1.577621275493
            sum:  74.000000000000
            min:  5.000000000000
            max:  9.000000000000
