          Field:  1
          lines:  10
           mean:  0.823707482920
       variance:  0.000058685892
        std dev:  0.007660671795
            sum:  8.237074829199
            min:  0.808510638298
            max:  0.827338129496
