count: 45
mean: 0.018675
std dev: 0.0249227
min: 0
max: 0.0555556
