count: 45
mean: 0.00305343
std dev: 0.00407124
min: 0
max: 0.0152672
