          Field:  1
          lines:  10
           mean:  0.513084112150
       variance:  0.000003881950
        std dev:  0.001970266455
            sum:  5.130841121495
            min:  0.509345794393
            max:  0.514018691589
