          Field:  1
          lines:  10
           mean:  0.819683329614
       variance:  0.000238338285
        std dev:  0.015438208603
            sum:  8.196833296145
            min:  0.798561151079
            max:  0.844961240310
