count: 45
mean: 0.048595
std dev: 0.0283757
min: 0
max: 0.108527
