          Field:  1
          lines:  10
           mean:  5.700000000000
       variance:  1.566666666667
        std dev:  1.251665557035
            sum:  57.000000000000
            min:  4.000000000000
            max:  8.000000000000
