          Field:  1
          lines:  10
           mean:  0.857823748175
       variance:  0.000006062491
        std dev:  0.002462212555
            sum:  8.578237481747
            min:  0.852713178295
            max:  0.859375000000
