          Field:  1
          lines:  10
           mean:  0.930916032492
       variance:  0.000179071530
        std dev:  0.013381761081
            sum:  9.309160324919
            min:  0.909090909091
            max:  0.947368421053
