          Field:  1
          lines:  10
           mean:  0.501843317972
       variance:  0.000063473187
        std dev:  0.007967006132
            sum:  5.018433179724
            min:  0.493087557604
            max:  0.511520737327
