          Field:  1
          lines:  10
           mean:  11.700000000000
       variance:  1.122222222222
        std dev:  1.059349905471
            sum:  117.000000000000
            min:  10.000000000000
            max:  13.000000000000
