          Field:  1
          lines:  10
           mean:  0.505990783410
       variance:  0.000008494553
        std dev:  0.002914541622
            sum:  5.059907834101
            min:  0.502304147465
            max:  0.511520737327
