          Field:  1
          lines:  10
           mean:  0.507373271889
       variance:  0.000124822735
        std dev:  0.011172409552
            sum:  5.073732718894
            min:  0.497695852535
            max:  0.534562211982
