count: 45
mean: 0.0204921
std dev: 0.0171219
min: 0
max: 0.0458015
