          Field:  1
          lines:  10
           mean:  9.000000000000
       variance:  0.888888888889
        std dev:  0.942809041582
            sum:  90.000000000000
            min:  7.000000000000
            max:  10.000000000000
