count: 45
mean: 0.0729677
std dev: 0.0406484
min: 0
max: 0.168919
