          Field:  1
          lines:  10
           mean:  0.588189923331
       variance:  0.000072561413
        std dev:  0.008518298728
            sum:  5.881899233313
            min:  0.577922077922
            max:  0.601307189542
