          Field:  1
          lines:  10
           mean:  0.381434599156
       variance:  0.000119480694
        std dev:  0.010930722491
            sum:  3.814345991561
            min:  0.367088607595
            max:  0.405063291139
