          Field:  1
          lines:  10
           mean:  0.506408905989
       variance:  0.000074152210
        std dev:  0.008611167771
            sum:  5.064089059887
            min:  0.497183098592
            max:  0.526484018265
