          Field:  1
          lines:  10
           mean:  13.120000000000
       variance:  2.770666666667
        std dev:  1.664531966250
            sum:  131.200000000000
            min:  9.600000000000
            max:  15.500000000000
