          Field:  1
          lines:  10
           mean:  0.057028982000
       variance:  0.003016125699
        std dev:  0.054919265277
            sum:  0.570289820000
            min:  0.004347820000
            max:  0.176052000000
