          Field:  1
          lines:  10
           mean:  0.542389847628
       variance:  0.001804303972
        std dev:  0.042477099378
            sum:  5.423898476278
            min:  0.501843317972
            max:  0.626760563380
