          Field:  1
          lines:  10
           mean:  0.808471515705
       variance:  0.001902125191
        std dev:  0.043613360235
            sum:  8.084715157052
            min:  0.719299985766
            max:  0.859442820813
