          Field:  1
          lines:  10
           mean:  0.302531645570
       variance:  0.000008110444
        std dev:  0.002847884210
            sum:  3.025316455696
            min:  0.295358649789
            max:  0.303797468354
