          Field:  1
          lines:  10
           mean:  0.954407395105
       variance:  0.000668932916
        std dev:  0.025863737475
            sum:  9.544073951051
            min:  0.898653279774
            max:  0.981651376147
