          Field:  1
          lines:  10
           mean:  0.597594302806
       variance:  0.000069581391
        std dev:  0.008341546071
            sum:  5.975943028059
            min:  0.576000000000
            max:  0.605042016807
