          Field:  1
          lines:  10
           mean:  0.024231800000
       variance:  0.000559179581
        std dev:  0.023646978260
            sum:  0.242318000000
            min:  0.000000000000
            max:  0.062042200000
