          Field:  1
          lines:  10
           mean:  8.120000000000
       variance:  1.868444444444
        std dev:  1.366910547346
            sum:  81.200000000000
            min:  5.700000000000
            max:  10.600000000000
