          Field:  1
          lines:  10
           mean:  10.130000000000
       variance:  1.215666666667
        std dev:  1.102572748923
            sum:  101.300000000000
            min:  8.800000000000
            max:  12.200000000000
