          Field:  1
          lines:  10
           mean:  0.862525417158
       variance:  0.000180528078
        std dev:  0.013436073743
            sum:  8.625254171584
            min:  0.839448032883
            max:  0.891050386175
