          Field:  1
          lines:  10
           mean:  0.600610969076
       variance:  0.000033821211
        std dev:  0.005815600695
            sum:  6.006109690761
            min:  0.594202898551
            max:  0.611510791367
