          Field:  1
          lines:  10
           mean:  0.517418772488
       variance:  0.000354532171
        std dev:  0.018829024702
            sum:  5.174187724880
            min:  0.502369668246
            max:  0.568544600939
