          Field:  1
          lines:  10
           mean:  0.019438931000
       variance:  0.000344342836
        std dev:  0.018556476926
            sum:  0.194389310000
            min:  0.000000000000
            max:  0.063650800000
