          Field:  1
          lines:  10
           mean:  0.347679324895
       variance:  0.000024529149
        std dev:  0.004952691100
            sum:  3.476793248945
            min:  0.341772151899
            max:  0.358649789030
